+------+-------+---------+-----------+------------+
| year | month | borough | count_col | count_viol |
+------+-------+---------+-----------+------------+
| 2016 | 7     | Q       | 3515      | 55132      |
| 2016 | 5     | S       | 611       | 9480       |
| 2016 | 3     | M       | 3486      | 56021      |
| 2016 | 7     | M       | 3057      | 59779      |
| 2016 | 1     | S       | 614       | 8804       |
| 2016 | 3     | Q       | 3710      | 48884      |
| 2017 | 12    | Q       | 3452      | 45240      |
| 2017 | 8     | M       | 2533      | 68694      |
| 2017 | 12    | M       | 2701      | 57266      |
| 2017 | 8     | Q       | 3129      | 55002      |
| 2017 | 10    | S       | 513       | 8702       |
| 2017 | 2     | Q       | 2751      | 55379      |
| 2017 | 6     | M       | 2987      | 72056      |
| 2017 | 2     | M       | 2154      | 68693      |
| 2017 | 4     | S       | 500       | 9182       |
| 2017 | 6     | Q       | 3458      | 62109      |
| 2016 | 11    | S       | 534       | 8925       |
| 2016 | 9     | Q       | 3334      | 49633      |
| 2016 | 9     | M       | 2745      | 54135      |
| 2016 | 9     | B       | 1777      | 27447      |
| 2017 | 11    | K       | 3849      | 55652      |
| 2016 | 4     | K       | 4440      | 50364      |
| 2017 | 6     | B       | 2014      | 32321      |
| 2017 | 2     | B       | 1601      | 31485      |
| 2016 | 10    | K       | 3716      | 55745      |
| 2017 | 8     | B       | 1633      | 30092      |
| 2017 | 12    | B       | 1855      | 25977      |
| 2016 | 3     | B       | 1838      | 26139      |
| 2017 | 1     | K       | 3484      | 64262      |
| 2016 | 7     | B       | 1943      | 27391      |
| 2017 | 5     | K       | 4192      | 59061      |
| 2016 | 12    | K       | 3672      | 54624      |
| 2016 | 8     | K       | 3720      | 61214      |
| 2017 | 10    | B       | 1656      | 30811      |
| 2016 | 5     | B       | 2010      | 28263      |
| 2017 | 7     | K       | 3899      | 57144      |
| 2016 | 1     | B       | 1878      | 32413      |
| 2017 | 3     | K       | 3884      | 75841      |
| 2016 | 11    | B       | 1642      | 25507      |
| 2017 | 9     | K       | 3490      | 54570      |
| 2016 | 2     | K       | 3762      | 62412      |
| 2016 | 6     | K       | 3819      | 58414      |
| 2017 | 4     | B       | 1737      | 31040      |
| 2017 | 6     | S       | 586       | 10035      |
| 2017 | 4     | Q       | 2864      | 55731      |
| 2017 | 2     | S       | 477       | 9286       |
| 2017 | 4     | M       | 2641      | 68230      |
| 2016 | 11    | M       | 2840      | 49776      |
| 2016 | 9     | S       | 533       | 8698       |
| 2016 | 11    | Q       | 3256      | 44512      |
| 2016 | 5     | M       | 3437      | 54915      |
| 2016 | 3     | S       | 560       | 7774       |
| 2016 | 1     | Q       | 3853      | 59939      |
| 2016 | 5     | Q       | 3751      | 51137      |
| 2016 | 7     | S       | 568       | 8774       |
| 2016 | 1     | M       | 3178      | 66283      |
| 2017 | 10    | Q       | 3257      | 53896      |
| 2017 | 8     | S       | 483       | 8636       |
| 2017 | 12    | S       | 580       | 7159       |
| 2017 | 10    | M       | 2590      | 68991      |
| 2016 | 11    | K       | 3736      | 53856      |
| 2017 | 9     | B       | 1588      | 27116      |
| 2016 | 2     | B       | 1644      | 28762      |
| 2016 | 6     | B       | 1751      | 27610      |
| 2017 | 4     | K       | 3478      | 62425      |
| 2016 | 12    | B       | 1743      | 28009      |
| 2016 | 8     | B       | 1796      | 27826      |
| 2017 | 10    | K       | 3524      | 59013      |
| 2016 | 5     | K       | 4390      | 58779      |
| 2017 | 7     | B       | 1790      | 29390      |
| 2016 | 1     | K       | 4430      | 64293      |
| 2017 | 3     | B       | 1888      | 36359      |
| 2017 | 3     | Q       | 3287      | 65371      |
| 2017 | 1     | S       | 525       | 8749       |
| 2017 | 7     | M       | 2659      | 65853      |
| 2017 | 3     | M       | 2671      | 76939      |
| 2017 | 5     | S       | 524       | 9785       |
| 2017 | 7     | Q       | 3406      | 52645      |
| 2016 | 10    | S       | 581       | 9244       |
| 2016 | 8     | Q       | 3367      | 50675      |
| 2016 | 12    | M       | 2637      | 54604      |
| 2016 | 8     | M       | 2845      | 56368      |
| 2016 | 12    | Q       | 3352      | 49285      |
| 2016 | 6     | Q       | 3400      | 50496      |
| 2016 | 4     | S       | 522       | 8276       |
| 2016 | 2     | M       | 3196      | 61609      |
| 2016 | 6     | M       | 2966      | 56294      |
| 2016 | 2     | Q       | 3050      | 55746      |
| 2017 | 9     | M       | 2640      | 60167      |
| 2017 | 9     | Q       | 3012      | 48011      |
| 2017 | 11    | S       | 512       | 7880       |
| 2016 | 4     | M       | 3550      | 51750      |
| 2016 | 2     | S       | 521       | 8957       |
| 2016 | 4     | Q       | 3585      | 43141      |
| 2016 | 6     | S       | 584       | 8808       |
| 2017 | 11    | Q       | 3324      | 50666      |
| 2017 | 9     | S       | 476       | 8150       |
| 2017 | 11    | M       | 2684      | 64853      |
| 2017 | 1     | M       | 2321      | 66665      |
| 2017 | 7     | S       | 531       | 8523       |
| 2017 | 5     | Q       | 3446      | 53883      |
| 2017 | 1     | Q       | 3002      | 58971      |
| 2017 | 3     | S       | 507       | 10925      |
| 2017 | 5     | M       | 2930      | 60642      |
| 2016 | 10    | M       | 2834      | 56002      |
| 2016 | 12    | S       | 575       | 7602       |
| 2016 | 8     | S       | 518       | 8510       |
| 2016 | 10    | Q       | 3384      | 48450      |
| 2016 | 10    | B       | 1719      | 26783      |
| 2017 | 8     | K       | 3493      | 59089      |
| 2017 | 12    | K       | 3915      | 50096      |
| 2016 | 3     | K       | 4412      | 57654      |
| 2017 | 1     | B       | 1680      | 33092      |
| 2016 | 7     | K       | 3907      | 60108      |
| 2017 | 5     | B       | 2012      | 29884      |
| 2016 | 9     | K       | 3699      | 59974      |
| 2017 | 11    | B       | 1743      | 29017      |
| 2016 | 4     | B       | 1965      | 24847      |
| 2017 | 6     | K       | 4335      | 69139      |
| 2017 | 2     | K       | 3129      | 67205      |
+------+-------+---------+-----------+------------+
