+-----+-------+
| age | count |
+-----+-------+
| 19  | 22198 |
| 95  | 8     |
| 72  | 3443  |
| 53  | 31359 |
| 34  | 44673 |
| 21  | 37925 |
| 78  | 1037  |
| 89  | 49    |
| 36  | 42067 |
| 51  | 32064 |
| 32  | 46259 |
| 55  | 27809 |
| 74  | 2477  |
| 93  | 10    |
| 17  | 5712  |
| 49  | 32571 |
| 38  | 40193 |
| 91  | 16    |
| 76  | 1658  |
| 23  | 46715 |
| 25  | 51682 |
| 63  | 14503 |
| 40  | 37682 |
| 85  | 162   |
| 66  | 9925  |
| 31  | 47635 |
| 46  | 35061 |
| 57  | 25594 |
| 68  | 7514  |
| 83  | 280   |
| 64  | 13203 |
| 87  | 96    |
| 42  | 35096 |
| 61  | 19005 |
| 27  | 53684 |
| 81  | 491   |
| 70  | 5509  |
| 59  | 22562 |
| 44  | 34173 |
| 29  | 50527 |
| 92  | 13    |
| 75  | 1921  |
| 54  | 29464 |
| 33  | 45418 |
| 16  | 1213  |
| 77  | 1237  |
| 90  | 34    |
| 39  | 38742 |
| 48  | 33353 |
| 22  | 43369 |
| 18  | 14213 |
| 35  | 42835 |
| 52  | 32054 |
| 73  | 2955  |
| 94  | 9     |
| 20  | 29969 |
| 50  | 31814 |
| 37  | 41274 |
| 88  | 78    |
| 79  | 818   |
| 60  | 20764 |
| 43  | 34591 |
| 86  | 122   |
| 65  | 11413 |
| 26  | 53586 |
| 45  | 34826 |
| 58  | 24341 |
| 71  | 4117  |
| 80  | 616   |
| 28  | 52981 |
| 24  | 49482 |
| 67  | 8706  |
| 84  | 251   |
| 41  | 36461 |
| 62  | 16816 |
| 30  | 49258 |
| 82  | 406   |
| 69  | 6655  |
| 56  | 27210 |
| 47  | 34424 |
+-----+-------+